13164.458054677567    1.1102350877361333e-27
966.2168943241267    9.156475197717789e-29
173.30295587336508    2.598114139133236e-29
46.95066966348521    1.9115040611112155e-29
13.6247442287647    4.1294234953431883e-29
4.2351195249400355    1.5301633288098723e-28
1.1473647220774057    8.451643498250292e-28
0.4092044034479023    1.8368291429760467e-27
0.17936237390528295    1.793144103875545e-27
0.13624744228764699    2.0714694348237627e-28
0.12719721777050794    1.2294941450984138e-29
0.11874815363065999    1.0921233099056085e-30
0.12719721777050794    8.515171337600377e-32
0.16744824380115364    8.738965304254241e-33
0.2529211073703039    9.004692787924008e-34
0.4383197551003832    1.8241008318470094e-34
0.709163326739185    6.312780465088783e-35
1    4.873543227990692e-35
0.709163326739185    2.4641116111439905e-35
0.3566471894891476    1.233446378282451e-35
0.3820230364994731    1.6462850089343155e-36
0.3566471894891476    2.8633802754968454e-37
0.4092044034479023    7.498315378985193e-38
0.4092044034479023    1.9557174704598284e-38
0.4383197551003832    3.415249073981525e-39
0.6180801214239735    6.012058143725144e-40
4.8592267366974085    8.815255714707085e-43
6.852055871304999    5.295532462821767e-44
9.020360210610162    4.153791958951216e-45
16.744824380115364    3.2910577372356923e-46
40.92044034479024    8.810541747865441e-47
151.0443475720476    3.0679333892735184e-46
902.0360210610181    1.8545997151576742e-45
7091.6332673918505    1.47866737874094e-44
